. ardl ma_5 ema_12 rdp bias_6 bias_24 psy_24, lag(5)

ARDL(5,5,5,5,5,5) regression

Sample:        6 -      250                     Number of obs     =        245
                                                F(  35,    209)   =   3.26e+12
                                                Prob > F          =     0.0000
                                                R-squared         =     1.0000
                                                Adj R-squared     =     1.0000
Log likelihood =  1851.2754                     Root MSE          =     0.0001

------------------------------------------------------------------------------
        ma_5 |      Coef.   Std. Err.      t    P>|t|     [95% Conf. Interval]
-------------+----------------------------------------------------------------
        ma_5 |
         L1. |   .0001833   .0001576     1.16   0.246    -.0001275     .000494
         L2. |  -.0001082   .0000965    -1.12   0.263    -.0002984     .000082
         L3. |   .0001193   .0000366     3.26   0.001     .0000472    .0001915
         L4. |  -.0000771   .0000354    -2.18   0.031    -.0001469   -7.32e-06
         L5. |   .0000122   .0000232     0.53   0.600    -.0000335    .0000578
             |
      ema_12 |
         --. |   1.300054   .0000672  1.9e+04   0.000     1.299921    1.300186
         L1. |   .1997477   .0002279   876.43   0.000     .1992984     .200197
         L2. |   .2000054    .000175  1142.80   0.000     .1996604    .2003504
         L3. |    .199996   .0001655  1208.44   0.000     .1996698    .2003223
         L4. |   .1997624    .000223   895.67   0.000     .1993227     .200202
         L5. |  -1.099694   .0001971 -5578.79   0.000    -1.100083   -1.099306
             |
         rdp |
         --. |   .0002842   .0006554     0.43   0.665    -.0010078    .0015762
         L1. |   .0027152   .0006827     3.98   0.000     .0013692    .0040611
         L2. |    .000241   .0007252     0.33   0.740    -.0011887    .0016706
         L3. |   .0013267   .0007948     1.67   0.097    -.0002402    .0028935
         L4. |   .0008547   .0006582     1.30   0.196    -.0004428    .0021521
         L5. |   .0000495   .0005186     0.10   0.924    -.0009729     .001072
             |
      bias_6 |
         --. |  -.0007526   .0010069    -0.75   0.456    -.0027376    .0012323
         L1. |  -.0038217   .0011839    -3.23   0.001    -.0061556   -.0014877
         L2. |   .0038963   .0011808     3.30   0.001     .0015686     .006224
         L3. |  -.0025701    .001141    -2.25   0.025    -.0048194   -.0003208
         L4. |   .0005645   .0007548     0.75   0.455    -.0009235    .0020525
         L5. |  -.0001199   .0000825    -1.45   0.148    -.0002826    .0000427
             |
     bias_24 |
         --. |   .0001463   .0002984     0.49   0.624    -.0004418    .0007345
         L1. |   .0005033   .0005213     0.97   0.335    -.0005243    .0015309
         L2. |  -.0012418   .0005264    -2.36   0.019    -.0022795    -.000204
         L3. |   .0004705   .0005192     0.91   0.366    -.0005531    .0014941
         L4. |   .0003793   .0004958     0.77   0.445    -.0005981    .0013568
         L5. |  -.0002469   .0002511    -0.98   0.326    -.0007418     .000248
             |
      psy_24 |
         --. |  -.0003933    .000396    -0.99   0.322     -.001174    .0003874
         L1. |   .0009266   .0005329     1.74   0.084     -.000124    .0019772
         L2. |  -.0005063   .0005302    -0.95   0.341    -.0015516     .000539
         L3. |   .0001377   .0005286     0.26   0.795    -.0009044    .0011797
         L4. |  -.0000138   .0005052    -0.03   0.978    -.0010098    .0009822
         L5. |   -.000055   .0003539    -0.16   0.877    -.0007526    .0006427
             |
       _cons |  -.0004919    .000426    -1.15   0.250    -.0013317    .0003479
------------------------------------------------------------------------------

