. ardl close bbands_down bias_6 bias_12 bias_24, lags(5)

ARDL(5,5,5,5,5) regression

Sample:        6 -      241                     Number of obs     =        236
                                                F(  29,    206)   =  138238.81
                                                Prob > F          =     0.0000
                                                R-squared         =     0.9999
                                                Adj R-squared     =     0.9999
Log likelihood = -792.83771                     Root MSE          =     7.4523

------------------------------------------------------------------------------
       close |      Coef.   Std. Err.      t    P>|t|     [95% Conf. Interval]
-------------+----------------------------------------------------------------
       close |
         L1. |   .7210568   .0683015    10.56   0.000     .5863972    .8557164
         L2. |  -.0783793   .0862283    -0.91   0.364    -.2483824    .0916238
         L3. |   .0987164   .0859925     1.15   0.252    -.0708218    .2682547
         L4. |   .1496128   .0834218     1.79   0.074    -.0148572    .3140827
         L5. |   .1133793    .050363     2.25   0.025     .0140863    .2126724
             |
 bbands_down |
         --. |  -.0117475   .0127885    -0.92   0.359    -.0369607    .0134657
         L1. |   .0171563    .023767     0.72   0.471    -.0297015    .0640141
         L2. |  -.0432878   .0250426    -1.73   0.085    -.0926605    .0060849
         L3. |   .0478986   .0251422     1.91   0.058    -.0016705    .0974677
         L4. |  -.0020944    .024144    -0.09   0.931    -.0496954    .0455067
         L5. |  -.0104092   .0127978    -0.81   0.417    -.0356406    .0148222
             |
      bias_6 |
         --. |   149.7654     18.544     8.08   0.000     113.2051    186.3258
         L1. |  -10.07995   7.931076    -1.27   0.205    -25.71644    5.556535
         L2. |   10.53022   7.877995     1.34   0.183    -5.001617    26.06205
         L3. |   1.586911   7.803247     0.20   0.839    -13.79755    16.97138
         L4. |  -4.317379   7.434897    -0.58   0.562    -18.97562    10.34087
         L5. |  -6.267459   7.349361    -0.85   0.395    -20.75707     8.22215
             |
     bias_12 |
         --. |   34.52011   14.87799     2.32   0.021     5.187458    63.85276
         L1. |  -25.35174   14.10156    -1.80   0.074    -53.15362    2.450148
         L2. |   4.495022   13.84516     0.32   0.746    -22.80136    31.79141
         L3. |  -4.323046   13.48953    -0.32   0.749    -30.91828    22.27219
         L4. |  -.4988836   12.82429    -0.04   0.969    -25.78257     24.7848
         L5. |   3.764628   7.178568     0.52   0.601    -10.38825    17.91751
             |
     bias_24 |
         --. |    61.0181   11.31634     5.39   0.000     38.70741    83.32879
         L1. |  -95.97167   18.14844    -5.29   0.000    -131.7522   -60.19119
         L2. |    27.8059   19.46368     1.43   0.155    -10.56766    66.17946
         L3. |    6.99782   19.52467     0.36   0.720    -31.49598    45.49162
         L4. |  -2.472418   18.32423    -0.13   0.893     -38.5995    33.65466
         L5. |   3.510115   9.085869     0.39   0.700     -14.4031    21.42333
             |
       _cons |  -42.54176   14.97872    -2.84   0.005    -72.07301   -13.01051
------------------------------------------------------------------------------

