. ardl ma_5 ma_20 bbands_up ema_12 rdp bias_6 bias_12 bias_24,lags(5)

ARDL(5,5,5,5,5,5,5,5) regression

Sample:        6 -      245                     Number of obs     =        240
                                                F(  47,    192)   =   3.52e+12
                                                Prob > F          =     0.0000
                                                R-squared         =     1.0000
                                                Adj R-squared     =     1.0000
Log likelihood =   1476.948                     Root MSE          =     0.0006

------------------------------------------------------------------------------
        ma_5 |      Coef.   Std. Err.      t    P>|t|     [95% Conf. Interval]
-------------+----------------------------------------------------------------
        ma_5 |
         L1. |  -.0000163   .0001107    -0.15   0.883    -.0002348    .0002021
         L2. |   .0000895   .0000792     1.13   0.260    -.0000668    .0002457
         L3. |  -.0000493   .0000588    -0.84   0.403    -.0001652    .0000666
         L4. |  -.0000384   .0000557    -0.69   0.491    -.0001483    .0000714
         L5. |   .0000233   .0000298     0.78   0.435    -.0000354    .0000819
             |
       ma_20 |
         --. |  -7.13e-07   .0000134    -0.05   0.958    -.0000272    .0000257
         L1. |  -.0000177   .0000201    -0.88   0.379    -.0000573    .0000219
         L2. |   .0000289   .0000205     1.41   0.160    -.0000115    .0000693
         L3. |  -.0000207   .0000202    -1.02   0.307    -.0000605    .0000191
         L4. |  -1.88e-06   .0000313    -0.06   0.952    -.0000636    .0000598
         L5. |   5.77e-06   .0000261     0.22   0.826    -.0000458    .0000573
             |
   bbands_up |
         --. |  -4.90e-06   2.53e-06    -1.94   0.054    -9.89e-06    8.30e-08
         L1. |   6.04e-06   4.76e-06     1.27   0.206    -3.34e-06    .0000154
         L2. |  -4.35e-07   5.24e-06    -0.08   0.934    -.0000108    9.91e-06
         L3. |   2.29e-07   5.17e-06     0.04   0.965    -9.96e-06    .0000104
         L4. |   1.16e-06   4.97e-06     0.23   0.815    -8.63e-06     .000011
         L5. |  -2.43e-06   2.60e-06    -0.93   0.351    -7.57e-06    2.70e-06
             |
      ema_12 |
         --. |   1.300041   .0000753  1.7e+04   0.000     1.299892    1.300189
         L1. |   .1998749   .0002096   953.56   0.000     .1994615    .2002883
         L2. |   .2001118   .0001623  1233.33   0.000     .1997918    .2004319
         L3. |   .1999646   .0001514  1320.97   0.000      .199666    .2002632
         L4. |   .1999964   .0001553  1287.55   0.000       .19969    .2003027
         L5. |   -1.09999   .0001322 -8319.19   0.000    -1.100251    -1.09973
             |
         rdp |
         --. |   .0058633   .0041999     1.40   0.164    -.0024206    .0141471
         L1. |  -.0055718   .0041729    -1.34   0.183    -.0138025    .0026589
         L2. |  -.0025244    .003922    -0.64   0.521    -.0102603    .0052114
         L3. |  -.0002146   .0033967    -0.06   0.950    -.0069143     .006485
         L4. |  -.0005142    .002104    -0.24   0.807    -.0046641    .0036357
         L5. |   -.001047   .0015315    -0.68   0.495    -.0040677    .0019736
             |
      bias_6 |
         --. |  -.0080138   .0057705    -1.39   0.167    -.0193955    .0033678
         L1. |   .0172513   .0076197     2.26   0.025     .0022222    .0322804
         L2. |  -.0057611   .0072392    -0.80   0.427    -.0200397    .0085175
         L3. |  -.0051155   .0069043    -0.74   0.460    -.0187335    .0085024
         L4. |   .0031645   .0037129     0.85   0.395    -.0041589    .0104878
         L5. |   .0001589   .0005764     0.28   0.783    -.0009781    .0012958
             |
     bias_12 |
         --. |  -.0003522   .0011754    -0.30   0.765    -.0026707    .0019662
         L1. |  -.0003792   .0011307    -0.34   0.738    -.0026095    .0018511
         L2. |   .0006968   .0011131     0.63   0.532    -.0014987    .0028923
         L3. |   .0000428   .0011246     0.04   0.970    -.0021755     .002261
         L4. |  -.0013016   .0010866    -1.20   0.232    -.0034448    .0008416
         L5. |   .0006763   .0007548     0.90   0.371    -.0008125    .0021652
             |
     bias_24 |
         --. |   .0003912    .003109     0.13   0.900     -.005741    .0065234
         L1. |  -.0020053   .0031864    -0.63   0.530    -.0082901    .0042796
         L2. |   .0003599   .0020157     0.18   0.858    -.0036159    .0043357
         L3. |   .0021715   .0019762     1.10   0.273    -.0017263    .0060694
         L4. |  -.0009894   .0018432    -0.54   0.592    -.0046249    .0026461
         L5. |  -.0002099   .0010353    -0.20   0.840    -.0022519    .0018321
             |
       _cons |   .0003305   .0014018     0.24   0.814    -.0024345    .0030955
------------------------------------------------------------------------------
